1.0000E+00  2.5370E+03  2.6500E+02  1.0607E+00  5.8960E-01  2.1136E+00  7.3855E+00  1.9551E+00  6.8747E+00  4.9600E-04  3.7956E-04  1.3464E-06  1.2750E-07  8.1041E-07  8.5960E-06  6.8525E-07  7.8124E-06
1.1000E+00  2.5370E+03  2.6500E+02  1.0607E+00  5.8960E-01  2.1136E+00  7.3855E+00  1.9551E+00  6.8747E+00  6.0254E-04  4.5670E-04  1.6294E-06  1.5938E-07  1.0013E-06  1.0378E-05  8.4557E-07  9.4271E-06
1.2000E+00  2.5370E+03  2.6500E+02  1.0607E+00  5.8960E-01  2.1136E+00  7.3855E+00  1.9551E+00  6.8747E+00  7.1900E-04  5.3989E-04  1.9362E-06  1.9505E-07  1.2125E-06  1.2305E-05  1.0229E-06  1.1174E-05
1.4000E+00  2.5370E+03  2.6500E+02  1.0607E+00  5.8960E-01  2.1136E+00  7.3855E+00  1.9551E+00  6.8747E+00  9.8105E-04  7.2345E-04  2.6175E-06  2.7783E-07  1.6951E-06  1.6578E-05  1.4276E-06  1.5042E-05
1.6000E+00  2.5370E+03  2.6500E+02  1.0607E+00  5.8960E-01  2.1136E+00  7.3855E+00  1.9551E+00  6.8747E+00  1.2809E-03  9.2841E-04  3.3835E-06  3.7580E-07  2.2564E-06  2.1374E-05  1.8978E-06  1.9381E-05
1.8000E+00  2.5370E+03  2.6500E+02  1.0607E+00  5.8960E-01  2.1136E+00  7.3855E+00  1.9551E+00  6.8747E+00  1.6174E-03  1.1531E-03  4.2284E-06  4.8880E-07  2.8938E-06  2.6657E-05  2.4317E-06  2.4157E-05
2.0000E+00  2.5370E+03  2.6500E+02  1.0607E+00  5.8960E-01  2.1136E+00  7.3855E+00  1.9551E+00  6.8747E+00  1.9894E-03  1.3961E-03  5.1464E-06  6.1662E-07  3.6051E-06  3.2393E-05  3.0271E-06  2.9340E-05
2.2000E+00  2.5370E+03  2.6500E+02  1.0607E+00  5.8960E-01  2.1136E+00  7.3855E+00  1.9551E+00  6.8747E+00  2.3956E-03  1.6560E-03  6.1326E-06  7.5897E-07  4.3877E-06  3.8552E-05  3.6821E-06  3.4903E-05
2.5000E+00  2.5370E+03  2.6500E+02  1.0607E+00  5.8960E-01  2.1136E+00  7.3855E+00  1.9551E+00  6.8746E+00  3.0670E-03  2.0750E-03  7.7296E-06  9.9912E-07  5.6899E-06  4.8522E-05  4.7718E-06  4.3901E-05
2.8000E+00  2.5370E+03  2.6500E+02  1.0607E+00  5.8960E-01  2.1136E+00  7.3855E+00  1.9551E+00  6.8746E+00  3.8097E-03  2.5257E-03  9.4554E-06  1.2702E-06  7.1387E-06  5.9295E-05  5.9844E-06  5.3619E-05
3.2000E+00  2.5370E+03  2.6500E+02  1.0607E+00  5.8960E-01  2.1136E+00  7.3854E+00  1.9551E+00  6.8746E+00  4.9053E-03  3.1705E-03  1.1936E-05  1.6779E-06  9.2849E-06  7.4780E-05  7.7810E-06  6.7579E-05
3.5000E+00  2.5370E+03  2.6500E+02  1.0607E+00  5.8960E-01  2.1136E+00  7.3854E+00  1.9551E+00  6.8746E+00  5.8021E-03  3.6834E-03  1.3916E-05  2.0169E-06  1.1046E-05  8.7149E-05  9.2556E-06  7.8724E-05
4.0000E+00  2.5370E+03  2.6499E+02  1.0607E+00  5.8960E-01  2.1136E+00  7.3854E+00  1.9551E+00  6.8745E+00  7.4315E-03  4.5872E-03  1.7418E-05  2.6418E-06  1.4248E-05  1.0904E-04  1.1938E-05  9.8434E-05
4.5000E+00  2.5370E+03  2.6499E+02  1.0607E+00  5.8960E-01  2.1135E+00  7.3853E+00  1.9551E+00  6.8745E+00  9.2192E-03  5.5439E-03  2.1139E-05  3.3372E-06  1.7759E-05  1.3232E-04  1.4882E-05  1.1939E-04
5.0000E+00  2.5370E+03  2.6499E+02  1.0607E+00  5.8960E-01  2.1135E+00  7.3852E+00  1.9551E+00  6.8744E+00  1.1154E-02  6.5457E-03  2.5048E-05  4.0985E-06  2.1551E-05  1.5681E-04  1.8064E-05  1.4141E-04
5.5000E+00  2.5370E+03  2.6498E+02  1.0606E+00  5.8959E-01  2.1135E+00  7.3851E+00  1.9551E+00  6.8743E+00  1.3227E-02  7.5859E-03  2.9117E-05  4.9213E-06  2.5600E-05  1.8233E-04  2.1464E-05  1.6435E-04
6.3000E+00  2.5370E+03  2.6498E+02  1.0606E+00  5.8959E-01  2.1135E+00  7.3850E+00  1.9551E+00  6.8742E+00  1.6809E-02  9.3163E-03  3.5906E-05  6.3551E-06  3.2559E-05  2.2498E-04  2.7314E-05  2.0267E-04
7.1000E+00  2.5370E+03  2.6497E+02  1.0606E+00  5.8958E-01  2.1135E+00  7.3848E+00  1.9550E+00  6.8740E+00  2.0687E-02  1.1112E-02  4.2970E-05  7.9202E-06  4.0041E-05  2.6944E-04  3.3611E-05  2.4260E-04
8.0000E+00  2.5370E+03  2.6496E+02  1.0605E+00  5.8957E-01  2.1134E+00  7.3845E+00  1.9550E+00  6.8738E+00  2.5372E-02  1.3190E-02  5.1169E-05  9.8207E-06  4.8998E-05  3.2117E-04  4.1159E-05  2.8902E-04
9.0000E+00  2.5369E+03  2.6494E+02  1.0605E+00  5.8956E-01  2.1134E+00  7.3842E+00  1.9550E+00  6.8735E+00  3.0932E-02  1.5552E-02  6.0510E-05  1.2086E-05  5.9523E-05  3.8024E-04  5.0042E-05  3.4199E-04
1.0000E+01  2.5369E+03  2.6493E+02  1.0604E+00  5.8955E-01  2.1133E+00  7.3838E+00  1.9549E+00  6.8731E+00  3.6828E-02  1.7953E-02  7.0020E-05  1.4492E-05  7.0556E-05  4.4053E-04  5.9369E-05  3.9604E-04
1.1000E+01  2.5369E+03  2.6491E+02  1.0603E+00  5.8953E-01  2.1132E+00  7.3833E+00  1.9548E+00  6.8727E+00  4.3021E-02  2.0376E-02  7.9639E-05  1.7021E-05  8.2016E-05  5.0165E-04  6.9071E-05  4.5081E-04
1.2000E+01  2.5368E+03  2.6489E+02  1.0603E+00  5.8952E-01  2.1132E+00  7.3827E+00  1.9548E+00  6.8722E+00  4.9480E-02  2.2812E-02  8.9318E-05  1.9657E-05  9.3832E-05  5.6330E-04  7.9087E-05  5.0602E-04
1.4000E+01  2.5367E+03  2.6484E+02  1.0601E+00  5.8947E-01  2.1129E+00  7.3815E+00  1.9546E+00  6.8711E+00  6.3082E-02  2.7683E-02  1.0871E-04  2.5195E-05  1.1830E-04  6.8723E-04  9.9870E-05  6.1696E-04
1.6000E+01  2.5366E+03  2.6478E+02  1.0598E+00  5.8942E-01  2.1127E+00  7.3800E+00  1.9544E+00  6.8697E+00  7.7443E-02  3.2512E-02  1.2799E-04  3.1011E-05  1.4355E-04  8.1080E-04  1.2138E-04  7.2752E-04
1.8000E+01  2.5364E+03  2.6471E+02  1.0595E+00  5.8935E-01  2.1124E+00  7.3783E+00  1.9541E+00  6.8682E+00  9.2407E-02  3.7261E-02  1.4750E-04  3.7107E-05  1.6933E-04  9.3300E-04  1.4337E-04  8.3679E-04
2.0000E+01  2.5362E+03  2.6463E+02  1.0592E+00  5.8927E-01  2.1120E+00  7.3763E+00  1.9538E+00  6.8664E+00  1.0785E-01  4.1907E-02  1.6725E-04  4.3519E-05  1.9592E-04  1.0531E-03  1.6563E-04  9.4414E-04
2.2000E+01  2.5360E+03  2.6454E+02  1.0589E+00  5.8917E-01  2.1116E+00  7.3740E+00  1.9534E+00  6.8644E+00  1.2366E-01  4.6481E-02  1.8711E-04  5.0190E-05  2.2330E-04  1.1719E-03  1.8821E-04  1.0503E-03
2.5000E+01  2.5356E+03  2.6439E+02  1.0583E+00  5.8901E-01  2.1108E+00  7.3703E+00  1.9528E+00  6.8610E+00  1.4789E-01  5.3343E-02  2.1667E-04  6.0570E-05  2.6548E-04  1.3507E-03  2.2307E-04  1.2100E-03
2.8000E+01  2.5351E+03  2.6422E+02  1.0576E+00  5.8881E-01  2.1100E+00  7.3659E+00  1.9521E+00  6.8571E+00  1.7252E-01  6.0143E-02  2.4581E-04  7.1254E-05  3.0834E-04  1.5288E-03  2.5877E-04  1.3690E-03
3.2000E+01  2.5343E+03  2.6396E+02  1.0565E+00  5.8850E-01  2.1086E+00  7.3594E+00  1.9510E+00  6.8512E+00  2.0566E-01  6.9005E-02  2.8383E-04  8.5849E-05  3.6597E-04  1.7619E-03  3.0693E-04  1.5772E-03
3.5000E+01  2.5337E+03  2.6374E+02  1.0556E+00  5.8822E-01  2.1075E+00  7.3538E+00  1.9500E+00  6.8463E+00  2.3056E-01  7.5444E-02  3.1154E-04  9.6953E-05  4.0927E-04  1.9321E-03  3.4309E-04  1.7292E-03
4.0000E+01  2.5324E+03  2.6334E+02  1.0540E+00  5.8769E-01  2.1052E+00  7.3435E+00  1.9481E+00  6.8370E+00  2.7182E-01  8.5779E-02  3.5546E-04  1.1543E-04  4.8078E-04  2.2066E-03  4.0308E-04  1.9742E-03
4.5000E+01  2.5310E+03  2.6289E+02  1.0521E+00  5.8707E-01  2.1027E+00  7.3318E+00  1.9460E+00  6.8266E+00  3.1242E-01  9.5575E-02  3.9657E-04  1.3363E-04  5.5025E-04  2.4682E-03  4.6214E-04  2.2077E-03
5.0000E+01  2.5293E+03  2.6239E+02  1.0500E+00  5.8635E-01  2.0998E+00  7.3188E+00  1.9435E+00  6.8150E+00  3.5211E-01  1.0472E-01  4.3493E-04  1.5143E-04  6.1722E-04  2.7139E-03  5.1934E-04  2.4270E-03
5.5000E+01  2.5274E+03  2.6184E+02  1.0477E+00  5.8555E-01  2.0965E+00  7.3047E+00  1.9408E+00  6.8023E+00  3.9068E-01  1.1320E-01  4.7067E-04  1.6873E-04  6.8142E-04  2.9429E-03  5.7428E-04  2.6314E-03
6.3000E+01  2.5241E+03  2.6089E+02  1.0438E+00  5.8410E-01  2.0907E+00  7.2798E+00  1.9358E+00  6.7801E+00  4.4975E-01  1.2552E-01  5.2270E-04  1.9525E-04  7.7830E-04  3.2774E-03  6.5736E-04  2.9301E-03
7.1000E+01  2.5203E+03  2.5984E+02  1.0394E+00  5.8244E-01  2.0841E+00  7.2524E+00  1.9303E+00  6.7556E+00  5.0530E-01  1.3639E-01  5.6827E-04  2.2002E-04  8.6780E-04  3.5751E-03  7.3432E-04  3.1961E-03
8.0000E+01  2.5154E+03  2.5856E+02  1.0341E+00  5.8034E-01  2.0759E+00  7.2189E+00  1.9233E+00  6.7256E+00  5.6342E-01  1.4713E-01  6.1244E-04  2.4558E-04  9.5889E-04  3.8712E-03  8.1385E-04  3.4608E-03
9.0000E+01  2.5095E+03  2.5704E+02  1.0278E+00  5.7776E-01  2.0658E+00  7.1788E+00  1.9148E+00  6.6898E+00  6.2445E-01  1.5725E-01  6.5393E-04  2.7123E-04  1.0486E-03  4.1529E-03  8.9295E-04  3.7129E-03
1.0000E+02  2.5030E+03  2.5543E+02  1.0210E+00  5.7493E-01  2.0549E+00  7.1361E+00  1.9055E+00  6.6516E+00  6.8251E-01  1.6566E-01  6.8831E-04  2.9409E-04  1.1272E-03  4.3896E-03  9.6260E-04  3.9250E-03
1.1000E+02  2.4959E+03  2.5373E+02  1.0140E+00  5.7189E-01  2.0433E+00  7.0912E+00  1.8956E+00  6.6114E+00  7.3736E-01  1.7263E-01  7.1653E-04  3.1427E-04  1.1957E-03  4.5877E-03  1.0237E-03  4.1028E-03
1.2000E+02  2.4882E+03  2.5198E+02  1.0067E+00  5.6866E-01  2.0311E+00  7.0445E+00  1.8851E+00  6.5697E+00  7.8848E-01  1.7837E-01  7.3958E-04  3.3203E-04  1.2548E-03  4.7528E-03  1.0772E-03  4.2514E-03
1.4000E+02  2.4716E+03  2.4833E+02  9.9161E-01  5.6173E-01  2.0050E+00  6.9470E+00  1.8627E+00  6.4824E+00  8.7980E-01  1.8670E-01  7.7323E-04  3.6123E-04  1.3493E-03  4.9977E-03  1.1634E-03  4.4726E-03
1.6000E+02  2.4532E+03  2.4454E+02  9.7594E-01  5.5428E-01  1.9774E+00  6.8454E+00  1.8388E+00  6.3915E+00  9.5786E-01  1.9182E-01  7.9380E-04  3.8328E-04  1.4180E-03  5.1550E-03  1.2269E-03  4.6161E-03
1.8000E+02  2.4334E+03  2.4068E+02  9.5996E-01  5.4645E-01  1.9485E+00  6.7414E+00  1.8138E+00  6.2983E+00  1.0233E+00  1.9463E-01  8.0474E-04  3.9946E-04  1.4660E-03  5.2482E-03  1.2726E-03  4.7024E-03
2.0000E+02  2.4124E+03  2.3678E+02  9.4382E-01  5.3835E-01  1.9189E+00  6.6360E+00  1.7880E+00  6.2039E+00  1.0767E+00  1.9569E-01  8.0869E-04  4.1099E-04  1.4979E-03  5.2924E-03  1.3040E-03  4.7451E-03
2.2000E+02  2.3904E+03  2.3286E+02  9.2766E-01  5.3005E-01  1.8887E+00  6.5301E+00  1.7617E+00  6.1089E+00  1.1197E+00  1.9543E-01  8.0757E-04  4.1880E-04  1.5170E-03  5.2993E-03  1.3240E-03  4.7547E-03
2.5000E+02  2.3561E+03  2.2703E+02  9.0356E-01  5.1739E-01  1.8431E+00  6.3717E+00  1.7218E+00  5.9667E+00  1.1683E+00  1.9335E-01  7.9921E-04  4.2516E-04  1.5281E-03  5.2610E-03  1.3377E-03  4.7254E-03
2.8000E+02  2.3205E+03  2.2128E+02  8.7979E-01  5.0461E-01  1.7973E+00  6.2150E+00  1.6817E+00  5.8259E+00  1.2015E+00  1.8992E-01  7.8551E-04  4.2670E-04  1.5237E-03  5.1829E-03  1.3372E-03  4.6604E-03
3.2000E+02  2.2720E+03  2.1380E+02  8.4883E-01  4.8761E-01  1.7368E+00  6.0105E+00  1.6285E+00  5.6419E+00  1.2269E+00  1.8411E-01  7.6210E-04  4.2345E-04  1.5015E-03  5.0414E-03  1.3215E-03  4.5400E-03
3.5000E+02  2.2351E+03  2.0835E+02  8.2627E-01  4.7499E-01  1.6921E+00  5.8611E+00  1.5891E+00  5.5073E+00  1.2343E+00  1.7924E-01  7.4223E-04  4.1816E-04  1.4764E-03  4.9188E-03  1.3022E-03  4.4346E-03
4.0000E+02  2.1734E+03  1.9961E+02  7.9004E-01  4.5439E-01  1.6196E+00  5.6207E+00  1.5251E+00  5.2903E+00  1.2312E+00  1.7067E-01  7.0684E-04  4.0573E-04  1.4246E-03  4.6985E-03  1.2606E-03  4.2439E-03
4.5000E+02  2.1123E+03  1.9129E+02  7.5561E-01  4.3449E-01  1.5498E+00  5.3915E+00  1.4633E+00  5.0831E+00  1.2145E+00  1.6195E-01  6.7040E-04  3.9041E-04  1.3653E-03  4.4704E-03  1.2120E-03  4.0455E-03
5.0000E+02  2.0522E+03  1.8341E+02  7.2300E-01  4.1539E-01  1.4832E+00  5.1736E+00  1.4040E+00  4.8858E+00  1.1887E+00  1.5335E-01  6.3421E-04  3.7350E-04  1.3023E-03  4.2429E-03  1.1598E-03  3.8467E-03
5.5000E+02  1.9935E+03  1.7595E+02  6.9217E-01  3.9715E-01  1.4196E+00  4.9671E+00  1.3473E+00  4.6983E+00  1.1575E+00  1.4503E-01  5.9903E-04  3.5587E-04  1.2382E-03  4.0207E-03  1.1063E-03  3.6519E-03
6.3000E+02  1.9032E+03  1.6485E+02  6.4637E-01  3.6982E-01  1.3246E+00  4.6589E+00  1.2622E+00  4.4180E+00  1.1013E+00  1.3248E-01  5.4582E-04  3.2755E-04  1.1374E-03  3.6830E-03  1.0213E-03  3.3546E-03
7.1000E+02  1.8175E+03  1.5471E+02  6.0466E-01  3.4471E-01  1.2375E+00  4.3767E+00  1.1837E+00  4.1607E+00  1.0417E+00  1.2099E-01  4.9703E-04  3.0024E-04  1.0417E-03  3.3713E-03  9.3994E-04  3.0790E-03
8.0000E+02  1.7267E+03  1.4434E+02  5.6215E-01  3.1898E-01  1.1482E+00  4.0876E+00  1.1030E+00  3.8963E+00  9.7472E-01  1.0934E-01  4.4761E-04  2.7156E-04  9.4222E-04  3.0534E-03  8.5468E-04  2.7969E-03
9.0000E+02  1.6328E+03  1.3398E+02  5.1981E-01  2.9326E-01  1.0589E+00  3.7980E+00  1.0218E+00  3.6306E+00  9.0326E-01  9.7892E-02  3.9912E-04  2.4267E-04  8.4273E-04  2.7392E-03  7.6868E-04  2.5170E-03
1.0000E+03  1.5459E+03  1.2469E+02  4.8202E-01  2.7028E-01  9.7906E-01  3.5379E+00  9.4879E-01  3.3912E+00  8.3636E-01  8.7862E-02  3.5679E-04  2.1696E-04  7.5459E-04  2.4628E-03  6.9191E-04  2.2699E-03
1.1000E+03  1.4653E+03  1.1635E+02  4.4818E-01  2.4972E-01  9.0749E-01  3.3038E+00  8.8301E-01  3.1751E+00  7.7454E-01  7.9081E-02  3.1987E-04  1.9426E-04  6.7690E-04  2.2201E-03  6.2377E-04  2.0520E-03
1.2000E+03  1.3907E+03  1.0882E+02  4.1781E-01  2.3129E-01  8.4322E-01  3.0924E+00  8.2365E-01  2.9795E+00  7.1774E-01  7.1388E-02  2.8765E-04  1.7428E-04  6.0859E-04  2.0068E-03  5.6348E-04  1.8600E-03
1.4000E+03  1.2571E+03  9.5815E+01  3.6556E-01  1.9974E-01  7.3278E-01  2.7264E+00  7.2100E-01  2.6395E+00  6.1815E-01  5.8691E-02  2.3478E-04  1.4129E-04  4.9574E-04  1.6535E-03  4.6300E-04  1.5405E-03
1.6000E+03  1.1418E+03  8.5065E+01  3.2269E-01  1.7404E-01  6.4240E-01  2.4233E+00  6.3628E-01  2.3565E+00  5.3489E-01  4.8806E-02  1.9395E-04  1.1572E-04  4.0810E-04  1.3775E-03  3.8415E-04  1.2896E-03
1.8000E+03  1.0418E+03  7.6083E+01  2.8710E-01  1.5289E-01  5.6764E-01  2.1696E+00  5.6569E-01  2.1185E+00  4.6524E-01  4.1019E-02  1.6201E-04  9.5760E-05  3.3945E-04  1.1595E-03  3.2181E-04  1.0903E-03
2.0000E+03  9.5458E+02  6.8500E+01  2.5722E-01  1.3531E-01  5.0519E-01  1.9551E+00  5.0630E-01  1.9164E+00  4.0680E-01  3.4811E-02  1.3672E-04  8.0020E-05  2.8511E-04  9.8534E-04  2.7206E-04  9.3035E-04
2.2000E+03  8.7815E+02  6.2038E+01  2.3190E-01  1.2056E-01  4.5251E-01  1.7721E+00  4.5590E-01  1.7433E+00  3.5756E-01  2.9806E-02  1.1646E-04  6.7483E-05  2.4164E-04  8.4464E-04  2.3196E-04  8.0061E-04
2.5000E+03  7.7990E+02  5.3972E+01  2.0048E-01  1.0247E-01  3.8755E-01  1.5434E+00  3.9331E-01  1.5260E+00  2.9742E-01  2.3970E-02  9.3006E-05  5.3089E-05  1.9146E-04  6.8025E-04  1.8530E-04  6.4827E-04
2.8000E+03  6.9779E+02  4.7439E+01  1.7520E-01  8.8139E-02  3.3569E-01  1.3578E+00  3.4296E-01  1.3488E+00  2.5000E-01  1.9583E-02  7.5525E-05  4.2480E-05  1.5424E-04  5.5645E-04  1.5037E-04  5.3293E-04
3.2000E+03  6.0753E+02  4.0467E+01  1.4839E-01  7.3182E-02  2.8119E-01  1.1596E+00  2.8963E-01  1.1584E+00  2.0129E-01  1.5278E-02  5.8525E-05  3.2307E-05  1.1827E-04  4.3475E-04  1.1627E-04  4.1890E-04
3.5000E+03  5.5142E+02  3.6246E+01  1.3227E-01  6.4332E-02  2.4870E-01  1.0394E+00  2.5760E-01  1.0424E+00  1.7281E-01  1.2862E-02  4.8998E-05  2.6693E-05  9.8344E-05  3.6637E-04  9.7251E-05  3.5448E-04
4.0000E+03  4.7414E+02  3.0563E+01  1.1070E-01  5.2690E-02  2.0563E-01  8.7746E-01  2.1483E-01  8.8529E-01  1.3630E-01  9.8700E-03  3.7252E-05  1.9874E-05  7.3940E-05  2.8152E-04  7.3852E-05  2.7413E-04
4.5000E+03  4.1269E+02  2.6159E+01  9.4141E-02  4.3928E-02  1.7290E-01  7.5179E-01  1.8202E-01  7.6261E-01  1.0951E-01  7.7447E-03  2.9000E-05  1.5174E-05  5.6958E-05  2.2117E-04  5.7382E-05  2.1660E-04
5.0000E+03  3.6296E+02  2.2674E+01  8.1134E-02  3.7176E-02  1.4747E-01  6.5223E-01  1.5630E-01  6.6487E-01  8.9403E-02  6.1945E-03  2.3029E-05  1.1834E-05  4.4784E-05  1.7708E-04  4.5474E-05  1.7434E-04
5.5000E+03  3.2211E+02  1.9867E+01  7.0725E-02  3.1868E-02  1.2731E-01  5.7194E-01  1.3577E-01  5.8565E-01  7.4012E-02  5.0355E-03  1.8605E-05  9.3996E-06  3.5838E-05  1.4409E-04  3.6646E-05  1.4254E-04
6.3000E+03  2.7007E+02  1.6365E+01  5.7832E-02  2.5422E-02  1.0262E-01  4.7166E-01  1.1042E-01  4.8616E-01  5.6078E-02  3.7204E-03  1.3628E-05  6.7157E-06  2.5885E-05  1.0660E-04  2.6730E-05  1.0619E-04
7.1000E+03  2.3020E+02  1.3744E+01  4.8265E-02  2.0752E-02  8.4551E-02  3.9654E-01  9.1690E-02  4.1111E-01  4.3603E-02  2.8312E-03  1.0291E-05  4.9576E-06  1.9297E-05  8.1216E-05  2.0104E-05  8.1418E-05
8.0000E+03  1.9540E+02  1.1506E+01  4.0155E-02  1.6884E-02  6.9430E-02  3.3230E-01  7.5878E-02  3.4654E-01  3.3722E-02  2.1427E-03  7.7302E-06  3.6388E-06  1.4304E-05  6.1535E-05  1.5033E-05  6.2081E-05
9.0000E+03  1.6554E+02  9.6248E+00  3.3391E-02  1.3731E-02  5.6985E-02  2.7826E-01  6.2751E-02  2.9187E-01  2.6005E-02  1.6190E-03  5.7990E-06  2.6667E-06  1.0586E-05  4.6548E-05  1.1221E-05  4.7261E-05
1.0000E+04  1.4229E+02  8.1878E+00  2.8258E-02  1.1393E-02  4.7665E-02  2.3692E-01  5.2839E-02  2.4980E-01  2.0497E-02  1.2549E-03  4.4667E-06  2.0108E-06  8.0538E-06  3.6118E-05  8.6022E-06  3.6882E-05
1.1000E+04  1.2381E+02  7.0635E+00  2.4266E-02  9.6109E-03  4.0504E-02  2.0455E-01  4.5167E-02  2.1666E-01  1.6461E-02  9.9370E-04  3.5170E-06  1.5526E-06  6.2694E-06  2.8625E-05  6.7425E-06  2.9384E-05
1.2000E+04  1.0886E+02  6.1660E+00  2.1097E-02  8.2230E-03  3.4881E-02  1.7869E-01  3.9103E-02  1.9006E-01  1.3429E-02  8.0116E-04  2.8212E-06  1.2232E-06  4.9760E-06  2.3098E-05  5.3851E-06  2.3825E-05
1.4000E+04  8.6132E+01  4.8205E+00  1.6376E-02  6.2022E-03  2.6617E-02  1.3987E-01  3.0120E-02  1.4988E-01  9.3028E-03  5.4435E-04  1.9000E-06  7.9757E-07  3.2879E-06  1.5718E-05  3.5977E-06  1.6353E-05
1.6000E+04  7.0103E+01  3.8885E+00  1.3133E-02  4.8566E-03  2.1044E-02  1.1295E-01  2.3998E-02  1.2178E-01  6.7267E-03  3.8772E-04  1.3432E-06  5.4805E-07  2.2855E-06  1.1210E-05  2.5248E-06  1.1751E-05
1.8000E+04  5.8345E+01  3.2142E+00  1.0803E-02  3.9162E-03  1.7105E-02  9.3442E-02  1.9631E-02  1.0127E-01  5.0312E-03  2.8656E-04  9.8628E-07  3.9235E-07  1.6531E-06  8.2943E-06  1.8415E-06  8.7531E-06
2.0000E+04  4.9445E+01  2.7094E+00  9.0702E-03  3.2335E-03  1.4217E-02  7.8827E-02  1.6404E-02  8.5810E-02  3.8682E-03  2.1817E-04  7.4663E-07  2.9031E-07  1.2344E-06  6.3213E-06  1.3854E-06  6.7112E-06
3.0000E+04  2.3225E+01  1.2424E+00  4.0773E-03  1.3339E-03  6.0711E-03  3.6280E-02  7.1977E-03  4.0363E-02  1.3759E-03  7.5225E-05  2.5194E-07  8.9609E-08  3.9484E-07  2.1881E-06  4.5595E-07  2.3782E-06
4.0000E+04  1.3095E+01  6.9167E-01  2.2415E-03  6.9370E-04  3.2283E-03  2.0245E-02  3.8943E-03  2.2842E-02  6.4999E-04  3.4927E-05  1.1522E-07  3.8438E-08  1.7373E-07  1.0188E-06  2.0472E-07  1.1261E-06
5.0000E+04  8.0410E+00  4.2120E-01  1.3529E-03  4.0236E-04  1.9025E-03  1.2349E-02  2.3235E-03  1.4074E-02  3.6089E-04  1.9166E-05  6.2498E-08  1.9830E-08  9.1425E-08  5.6029E-07  1.0943E-07  6.2744E-07
6.0000E+04  5.1246E+00  2.6684E-01  8.5135E-04  2.4564E-04  1.1755E-03  7.8336E-03  1.4493E-03  8.9968E-03  2.2239E-04  1.1706E-05  3.7816E-08  1.1515E-08  5.3960E-08  3.4284E-07  6.5422E-08  3.8808E-07
7.0000E+04  3.2756E+00  1.6979E-01  5.3882E-04  1.5176E-04  7.3325E-04  4.9896E-03  9.1076E-04  5.7657E-03  1.4740E-04  7.7042E-06  2.4691E-08  7.2609E-09  3.4496E-08  2.2597E-07  4.2278E-08  2.5813E-07
8.0000E+04  2.0231E+00  1.0448E-01  3.3010E-04  9.1127E-05  4.4383E-04  3.0731E-03  5.5469E-04  3.5693E-03  1.0309E-04  5.3569E-06  1.7051E-08  4.8647E-09  2.3389E-08  1.5733E-07  2.8936E-08  1.8115E-07
9.0000E+04  1.1319E+00  5.8272E-02  1.8338E-04  4.9732E-05  2.4393E-04  1.7152E-03  3.0654E-04  2.0013E-03  7.5146E-05  3.8852E-06  1.2293E-08  3.4145E-09  1.6591E-08  1.1424E-07  2.0695E-08  1.3246E-07
1.0000E+05  4.7323E-01  2.4278E-02  7.6074E-05  2.0226E-05  9.9993E-05  7.1521E-04  1.2642E-04  8.3864E-04  5.6597E-05  2.9136E-06  9.1692E-09  2.4866E-09  1.2196E-08  8.5761E-08  1.5327E-08  1.0006E-07
